1.081	0.951
1.093	0.958
1.024	0.833
0.907	0.699
0.800	0.620
0.730	0.576
0.635	0.490
0.528	0.446
0.472	0.411
0.492	0.457
0.586	0.545
0.768	0.784
1.037	1.029
1.164	1.124
1.125	0.995
1.040	0.913
0.866	0.771
0.741	0.582
0.606	0.480
0.489	0.389
0.365	0.295
0.316	0.260
0.297	0.250
0.332	0.328
0.643	0.586
0.807	0.706
0.735	0.707
0.716	0.609
0.700	0.483
0.636	0.457
0.635	0.411
0.579	0.356
0.447	0.279
0.334	0.219
0.329	0.247
0.446	0.384
0.785	0.724
1.072	0.933
1.082	0.835
1.033	0.827
0.977	0.750
0.956	0.713
0.924	0.687
0.823	0.560
0.670	0.448
0.531	0.381
0.513	0.399
0.589	0.488
0.777	0.655
1.007	0.938
1.168	0.992
1.187	0.965
1.158	0.949
1.142	0.889
1.106	0.864
1.030	0.767
0.946	0.719
0.860	0.642
0.777	0.603
0.815	0.686
0.935	0.793
1.196	1.214
1.455	1.451
1.518	1.449
1.488	1.424
1.385	1.219
1.236	1.008
1.069	0.812
0.878	0.660
0.713	0.547
0.622	0.518
0.574	0.491
0.468	0.420
0.524	0.567
0.924	1.004
1.165	1.079
1.057	0.949
0.911	0.762
0.728	0.607
0.590	0.495
0.530	0.446
0.406	0.330
0.250	0.217
0.187	0.200
0.207	0.242
0.315	0.379
0.751	0.813
0.971	0.953
0.835	0.863
0.852	0.788
0.768	0.785
0.802	0.740
0.746	0.681
0.605	0.523
0.461	0.391
0.389	0.323
0.465	0.376
0.534	0.450
0.804	0.837
1.143	1.141
1.177	1.102
1.134	1.057
1.074	0.927
1.010	0.888
0.937	0.786
0.796	0.665
0.669	0.558
0.601	0.562
0.611	0.594
0.690	0.639
0.808	0.886
1.295	1.408
1.439	1.356
1.323	1.266
1.234	1.076
1.134	1.038
1.026	0.857
0.863	0.732
0.703	0.576
0.532	0.490
0.503	0.451
0.532	0.558
0.921	1.029
1.123	1.156
1.107	0.986
0.967	0.832
0.805	0.743
0.742	0.650
0.693	0.604
0.544	0.466
0.352	0.280
0.283	0.227
0.265	0.227
0.363	0.352
0.767	0.856
1.081	0.967
0.950	0.769
0.825	0.687
0.747	0.615
0.689	0.576
0.713	0.601
0.630	0.488
0.394	0.335
0.222	0.262
0.199	0.285
0.323	0.435
0.743	0.867
1.029	0.985
0.994	0.846
0.958	0.840
0.973	0.846
1.046	0.919
1.054	0.837
0.878	0.657
0.663	0.481
0.562	0.430
0.586	0.486
0.669	0.541
0.894	0.892
1.239	1.191
1.276	1.001
1.106	0.981
1.034	0.933
0.973	0.828
0.956	0.746
0.859	0.605
0.668	0.403
0.459	0.284
0.390	0.272
0.394	0.293
0.501	0.477
0.999	0.994
1.207	1.014
1.068	0.827
0.956	0.725
0.914	0.656
0.906	0.648
0.880	0.592
0.712	0.436
0.510	0.330
0.434	0.304
0.460	0.376
0.598	0.516
0.987	0.973
1.277	1.082
1.172	0.946
1.095	0.898
1.081	0.874
1.026	0.814
1.006	0.762
0.874	0.614
0.653	0.421
0.500	0.369
0.525	0.377
0.622	0.504
1.011	0.939
1.319	1.123
1.261	1.033
1.222	0.935
1.130	0.860
1.086	0.793
0.981	0.654
0.839	0.505
0.698	0.354
0.577	0.301
0.591	0.309
0.660	0.414
0.864	0.707
0.824	0.833
0.727	0.800
0.679	0.703
0.657	0.600
0.665	0.566
0.697	0.496
0.710	0.413
0.410	0.275
0.208	0.204
0.143	0.167
0.153	0.216
0.238	0.327
0.633	0.752
0.822	0.768
0.672	0.697
0.580	0.672
0.619	0.620
0.558	0.659
0.635	0.687
0.552	0.614
0.374	0.498
0.374	0.543
0.548	0.811
0.904	1.212
1.229	1.468
1.362	1.562
1.397	1.706
1.439	1.678
1.515	1.730
1.503	1.637
1.372	1.464
1.137	1.273
0.960	1.081
0.886	1.032
0.931	1.068
1.049	1.208
1.349	1.665
1.744	1.938
1.781	1.859
1.724	1.803
1.579	1.614
1.466	1.478
1.285	1.208
1.064	1.012
0.882	0.937
0.793	0.885
0.765	0.828
0.754	0.888
0.837	1.018
1.239	1.358
1.423	1.442
1.291	1.194
1.115	1.037
0.923	0.835
0.717	0.689
0.748	0.604
0.632	0.524
0.481	0.411
0.420	0.398
0.476	0.454
0.622	0.641
1.038	1.083
1.323	1.173
1.241	1.114
1.147	0.970
1.022	0.836
0.898	0.723
0.822	0.667
0.668	0.547
0.502	0.424
0.441	0.411
0.471	0.430
0.575	0.598
0.835	0.905
1.105	1.088
1.157	1.100
1.111	0.960
1.017	0.921
0.908	0.816
0.829	0.763
0.770	0.705
0.685	0.633
0.601	0.604
0.559	0.620
0.739	0.846
1.072	1.114
1.228	1.252
1.381	1.300
1.298	1.250
1.332	1.247
1.331	1.210
1.294	1.175
1.156	0.985
1.062	0.899
0.993	0.903
1.123	1.037
1.188	1.169
1.290	1.277
1.441	1.432
1.393	1.339
1.435	1.447
1.504	1.479
1.439	1.322
1.354	1.245
1.290	1.144
1.130	1.019
1.039	0.961
0.985	0.886
1.001	0.954
1.146	1.150
1.430	1.516
1.574	1.615
1.622	1.616
1.585	1.584
1.520	1.490
1.444	1.326
1.233	1.101
1.066	0.910
0.948	0.787
0.830	0.699
0.808	0.688
0.873	0.820
1.027	0.964
1.250	1.207
1.416	1.307
1.419	1.297
1.346	1.181
1.260	1.019
1.174	1.034
1.116	0.949
1.069	0.896
0.984	0.864
0.941	0.840
0.979	0.930
1.128	1.085
1.269	1.314
1.473	1.491
1.582	1.486
1.542	1.434
1.433	1.362
1.299	1.144
1.137	0.977
0.978	0.858
0.855	0.760
0.754	0.683
0.717	0.631
0.696	0.636
0.712	0.701
0.929	0.925
1.142	1.133
1.212	1.108
1.181	1.061
1.063	0.926
0.982	0.857
0.926	0.814
0.864	0.770
0.727	0.646
0.611	0.578
0.596	0.597
0.631	0.664
0.794	0.835
1.045	1.040
1.279	1.224
1.336	1.247
1.273	1.143
1.185	1.018
1.053	0.941
0.937	0.843
0.795	0.703
0.649	0.612
0.544	0.516
0.518	0.531
0.533	0.537
0.616	0.660
0.866	0.928
1.244	1.111
1.219	1.037
1.100	0.927
0.992	0.810
0.878	0.712
0.819	0.638
0.719	0.543
0.575	0.413
0.486	0.363
0.515	0.425
0.679	0.614
0.837	0.807
0.817	0.781
0.801	0.833
0.772	0.758
0.671	0.729
0.666	0.735
0.745	0.697
0.752	0.651
0.753	0.549
0.651	0.474
0.644	0.463
0.686	0.508
0.779	0.712
1.080	1.018
1.207	1.185
1.298	1.156
1.234	1.018
1.144	0.902
1.028	0.781
0.972	0.742
0.831	0.614
0.625	0.463
0.542	0.459
0.576	0.500
0.657	0.594
0.893	0.881
1.297	1.295
1.350	1.231
1.268	1.149
1.266	1.096
1.110	0.961
1.045	0.817
0.891	0.695
0.677	0.474
0.512	0.367
0.464	0.364
0.779	0.615
0.619	0.551
0.559	0.457
0.462	0.333
0.370	0.207
0.260	0.146
0.282	0.172
0.402	0.322
0.619	0.614
0.632	0.669
0.630	0.624
0.686	0.625
0.873	0.825
1.063	0.972
1.141	1.031
1.059	0.910
0.788	0.634
0.613	0.523
0.586	0.559
0.681	0.678
0.952	0.974
1.321	1.338
1.327	1.212
1.202	1.141
1.093	0.998
1.039	0.948
1.024	0.937
0.974	0.837
0.772	0.624
0.546	0.459
0.476	0.429
0.525	0.506
0.636	0.704
1.008	1.089
1.013	0.992
0.927	0.925
0.687	0.860
0.844	0.879
0.818	0.867
0.777	0.867
0.774	0.670
0.599	0.519
0.524	0.472
0.632	0.454
0.597	0.436
0.602	0.639
0.651	0.738
0.676	0.782
0.677	0.780
0.733	0.725
0.805	0.769
0.882	0.816
0.800	0.685
0.753	0.534
0.635	0.418
0.579	0.442
0.640	0.503
0.713	0.622
1.182	1.254
1.442	1.402
1.461	1.232
1.375	1.134
1.280	0.998
1.182	1.110
1.178	1.070
1.106	0.949
0.988	0.803
0.868	0.692
0.792	0.651
0.689	0.540
0.572	0.483
0.510	0.455
0.532	0.490
0.634	0.609
0.825	0.865
1.076	1.179
1.203	1.193
1.158	1.064
1.079	0.954
0.879	0.810
0.768	0.620
0.640	0.500
0.517	0.388
0.390	0.312
0.338	0.273
0.318	0.277
0.355	0.362
0.671	0.616
0.811	0.719
0.737	0.731
0.718	0.657
0.708	0.513
0.650	0.464
0.658	0.470
0.604	0.425
0.464	0.336
0.346	0.272
0.342	0.312
0.466	0.473
0.830	0.930
1.132	1.168
1.144	1.071
1.089	1.002
1.036	0.905
1.010	0.871
0.978	0.852
0.871	0.692
0.709	0.537
0.558	0.464
0.538	0.483
0.622	0.610
0.827	0.834
1.069	1.129
1.224	1.226
1.236	1.138
1.204	1.131
1.209	1.076
1.169	0.990
1.101	0.907
1.010	0.869
0.919	0.819
0.830	0.731
0.869	0.846
1.005	0.957
1.279	1.415
1.527	1.576
1.601	1.594
1.577	1.517
1.473	1.410
1.316	1.112
1.142	0.937
0.937	0.799
0.757	0.671
0.657	0.562
0.604	0.530
0.493	0.491
0.550	0.651
0.969	1.126
1.191	1.158
1.086	1.002
0.945	0.823
0.758	0.620
0.613	0.511
0.552	0.466
0.426	0.347
0.270	0.238
0.206	0.234
0.226	0.266
0.336	0.431
0.778	0.845
0.987	0.954
0.848	0.907
0.863	0.806
0.774	0.773
0.812	0.722
0.762	0.630
0.621	0.519
0.479	0.411
0.408	0.359
0.488	0.423
0.557	0.521
0.837	0.900
1.148	1.173
1.180	1.137
1.151	1.022
1.102	0.977
1.049	0.856
0.979	0.794
0.836	0.643
0.702	0.557
0.631	0.565
0.641	0.584
0.726	0.686
0.852	0.912
1.366	1.541
1.520	1.504
1.394	1.348
1.298	1.240
1.192	1.081
1.077	0.910
0.905	0.744
0.736	0.608
0.558	0.518
0.527	0.476
0.556	0.576
0.956	1.100
1.133	1.226
1.121	1.038
0.990	0.906
0.816	0.755
0.761	0.652
0.713	0.594
0.564	0.460
0.369	0.305
0.298	0.222
0.279	0.244
0.379	0.374
0.796	0.977
1.112	1.102
0.989	0.845
0.862	0.795
0.780	0.694
0.721	0.669
0.749	0.720
0.662	0.583
0.413	0.408
0.238	0.322
0.215	0.370
0.341	0.537
0.783	1.047
1.086	1.166
1.048	1.058
1.007	1.022
1.022	1.011
1.098	1.126
1.105	1.034
0.920	0.780
0.693	0.557
0.586	0.497
0.611	0.540
0.696	0.643
0.923	1.019
1.239	1.333
1.275	1.069
1.105	1.038
1.033	1.007
0.974	0.885
0.967	0.863
0.884	0.701
0.690	0.484
0.480	0.371
0.407	0.367
0.412	0.391
0.522	0.640
1.039	1.271
1.234	1.230
1.088	1.034
0.972	0.903
0.946	0.826
0.930	0.821
0.906	0.777
0.740	0.582
0.532	0.470
0.454	0.436
0.480	0.501
0.622	0.688
1.029	1.323
1.318	1.463
1.234	1.273
1.142	1.217
1.140	1.198
1.083	1.106
1.063	1.047
0.923	0.850
0.685	0.589
0.523	0.509
0.550	0.519
0.649	0.718
1.052	1.232
1.341	1.439
1.269	1.296
1.234	1.137
1.137	1.074
1.092	0.990
0.994	0.888
0.852	0.697
0.718	0.525
0.595	0.459
0.609	0.478
0.677	0.593
0.873	0.827
0.826	0.846
0.727	0.767
0.680	0.695
0.660	0.609
0.672	0.622
0.708	0.598
0.723	0.551
0.528	0.440
0.305	0.308
0.230	0.277
0.242	0.360
0.354	0.523
0.812	1.089
1.014	1.074
0.861	0.962
0.764	0.913
0.809	0.862
0.738	0.860
0.824	0.943
0.733	0.825
0.533	0.686
0.532	0.745
0.739	1.069
1.133	1.529
1.473	1.763
1.613	1.830
1.654	1.905
1.700	1.916
1.781	2.080
1.766	1.912
1.633	1.728
1.391	1.506
1.205	1.333
1.124	1.309
1.173	1.304
1.296	1.497
1.595	2.080
2.001	2.290
2.030	2.277
1.980	2.154
1.835	1.919
1.721	1.780
1.536	1.532
1.306	1.230
1.111	1.127
1.015	1.096
0.981	1.048
0.970	1.075
1.061	1.225
1.480	1.664
1.659	1.776
1.526	1.452
1.340	1.257
1.142	0.963
0.914	0.827
0.854	0.770
0.719	0.648
0.548	0.526
0.481	0.550
0.544	0.594
0.707	0.834
1.155	1.344
1.455	1.433
1.351	1.307
1.263	1.184
1.135	0.973
0.996	0.843
0.913	0.823
0.754	0.656
0.571	0.529
0.503	0.517
0.538	0.588
0.654	0.757
0.932	1.167
1.209	1.403
1.278	1.383
1.228	1.243
1.140	1.150
1.028	0.999
0.945	0.947
0.876	0.911
0.780	0.827
0.687	0.804
0.641	0.805
0.842	1.108
1.209	1.445
1.373	1.583
1.534	1.616
1.448	1.518
1.479	1.558
1.478	1.499
1.432	1.418
1.290	1.192
1.187	1.120
1.113	1.108
1.262	1.283
1.333	1.387
1.443	1.530
1.595	1.704
1.546	1.572
1.587	1.709
1.666	1.718
1.604	1.559
1.517	1.464
1.452	1.332
1.279	1.247
1.178	1.106
1.118	1.060
1.136	1.149
1.296	1.351
1.597	1.716
1.751	1.914
1.799	1.889
1.764	1.850
1.696	1.730
1.616	1.584
1.392	1.338
1.211	1.135
1.082	0.989
0.949	0.881
0.921	0.900
0.994	1.006
1.163	1.206
1.403	1.465
1.578	1.547
1.579	1.493
1.504	1.362
1.414	1.319
1.323	1.243
1.259	1.188
1.208	1.190
1.116	1.050
1.070	1.065
1.114	1.126
1.275	1.320
1.424	1.527
1.639	1.771
1.759	1.784
1.714	1.674
1.599	1.526
1.458	1.298
1.283	1.118
1.108	0.956
0.973	0.859
0.858	0.777
0.816	0.722
0.795	0.749
0.811	0.787
1.049	1.038
1.277	1.324
1.354	1.315
1.319	1.229
1.189	1.030
1.099	0.988
1.040	0.888
0.974	0.813
0.822	0.717
0.695	0.629
0.679	0.667
0.716	0.734
0.893	0.897
1.165	1.200
1.408	1.429
1.462	1.424
1.401	1.266
1.300	1.147
1.170	1.039
1.050	0.901
0.896	0.753
0.737	0.630
0.620	0.558
0.590	0.534
0.607	0.570
0.698	0.691
0.970	1.012
1.259	1.174
1.230	1.092
1.111	0.982
1.003	0.793
0.889	0.702
0.829	0.631
0.730	0.523
0.586	0.398
0.497	0.349
0.526	0.412
0.690	0.611
0.845	0.810
0.823	0.789
0.806	0.840
0.777	0.802
0.673	0.740
0.666	0.730
0.741	0.725
0.752	0.656
0.755	0.558
0.657	0.485
0.649	0.494
0.692	0.541
0.785	0.692
1.087	1.058
1.208	1.257
1.302	1.202
1.237	1.061
1.148	0.930
1.034	0.858
0.979	0.788
0.840	0.648
0.634	0.507
0.551	0.485
0.584	0.528
0.665	0.604
0.901	0.976
1.303	1.433
1.355	1.336
1.273	1.249
1.272	1.168
1.115	0.978
1.052	0.896
0.898	0.715
0.685	0.500
0.520	0.401
0.623	0.553
0.561	0.458
0.463	0.338
0.373	0.206
0.264	0.154
0.286	0.179
0.405	0.343
0.618	0.617
0.630	0.653
0.629	0.614
0.685	0.653
0.871	0.885
1.062	1.003
1.143	1.035
1.065	0.873
0.795	0.620
0.620	0.510
0.594	0.568
0.688	0.687
0.956	1.085
1.323	1.441
1.329	1.308
1.206	1.148
1.098	1.035
1.044	0.955
1.029	0.980
0.980	0.900
0.779	0.666
0.554	0.484
0.484	0.463
0.533	0.531
0.643	0.758
1.011	1.104
1.014	0.971
0.926	0.941
0.685	0.884
0.844	0.955
0.818	0.936
0.777	0.924
0.776	0.719
0.603	0.535
0.528	0.507
0.638	0.503
0.601	0.495
0.604	0.678
0.651	0.731
0.676	0.804
0.677	0.836
0.733	0.763
0.805	0.815
0.881	0.857
0.799	0.751
0.756	0.599
0.640	0.499
0.584	0.521
0.645	0.553
0.718	0.693
1.186	1.392
1.444	1.531
1.464	1.420
1.379	1.300
1.284	1.184
1.498	1.360
1.459	1.374
1.396	1.225
1.304	1.071
1.185	0.936
1.115	0.907
1.024	0.804
0.906	0.697
0.840	0.647
0.861	0.675
0.952	0.782
1.100	1.040
1.189	1.257
1.288	1.218
1.218	1.093
1.184	1.006
0.867	0.885
0.851	0.748
0.839	0.640
0.719	0.536
0.670	0.460
0.601	0.451
0.587	0.428
0.636	0.509
0.831	0.681
0.808	0.734
0.735	0.724
0.716	0.693
0.757	0.637
0.744	0.605
0.827	0.660
0.799	0.672
0.650	0.546
0.513	0.446
0.508	0.493
0.661	0.730
1.048	1.257
1.333	1.430
1.351	1.425
1.291	1.301
1.252	1.237
1.216	1.204
1.192	1.185
1.087	1.015
0.932	0.874
0.767	0.752
0.748	0.781
0.847	0.950
1.061	1.203
1.285	1.525
1.394	1.488
1.385	1.305
1.351	1.347
1.416	1.376
1.370	1.401
1.339	1.328
1.244	1.211
1.157	1.124
1.070	1.031
1.093	1.161
1.250	1.240
1.513	1.628
1.704	1.856
1.802	1.864
1.791	1.712
1.698	1.635
1.543	1.476
1.375	1.341
1.168	1.051
0.983	0.902
0.877	0.754
0.817	0.714
0.797	0.628
0.847	0.818
1.243	1.238
1.305	1.242
1.236	1.106
1.164	0.952
1.016	0.792
0.857	0.669
0.801	0.634
0.685	0.503
0.509	0.352
0.430	0.366
0.457	0.388
0.595	0.568
0.989	0.884
0.983	0.920
0.844	0.875
0.860	0.812
0.772	0.778
0.875	0.723
0.916	0.671
0.824	0.659
0.751	0.499
0.680	0.490
0.660	0.572
0.726	0.654
1.008	0.988
1.146	1.196
1.179	1.155
1.205	1.087
1.204	1.056
1.211	1.015
1.164	0.937
1.034	0.809
0.892	0.669
0.821	0.645
0.834	0.678
0.931	0.773
1.064	1.000
1.576	1.665
1.731	1.597
1.599	1.513
1.503	1.407
1.391	1.250
1.277	1.072
1.098	0.856
0.926	0.714
0.788	0.618
0.731	0.552
0.696	0.496
0.725	0.644
1.092	1.136
1.130	1.194
1.128	1.015
1.062	0.911
0.813	0.792
0.827	0.652
0.796	0.604
0.678	0.455
0.499	0.316
0.415	0.278
0.393	0.294
0.519	0.461
0.971	1.058
1.266	1.184
1.170	1.039
1.054	0.903
0.970	0.820
0.916	0.802
0.949	0.865
0.859	0.697
0.567	0.489
0.349	0.423
0.318	0.471
0.485	0.671
0.992	1.258
1.302	1.422
1.262	1.301
1.213	1.298
1.227	1.209
1.302	1.369
1.303	1.348
1.115	1.081
0.876	0.834
0.759	0.777
0.783	0.838
0.869	0.923
1.079	1.201
1.239	1.426
1.275	1.116
1.105	1.054
1.032	1.072
0.973	0.971
1.009	1.048
1.007	0.937
0.842	0.785
0.747	0.623
0.661	0.615
0.673	0.632
0.790	0.920
1.287	1.524
1.390	1.386
1.250	1.234
1.113	1.171
1.176	1.086
1.119	1.032
1.114	1.043
0.997	0.879
0.801	0.775
0.721	0.733
0.747	0.818
0.896	1.031
1.290	1.580
1.525	1.688
1.509	1.592
1.397	1.539
1.421	1.479
1.368	1.494
1.349	1.463
1.214	1.256
0.970	0.953
0.800	0.869
0.827	0.885
0.922	1.135
1.291	1.573
1.457	1.702
1.316	1.499
1.315	1.294
1.174	1.333
1.088	1.191
1.067	1.091
0.912	0.941
0.859	0.801
0.776	0.719
0.814	0.719
0.838	0.820
0.922	0.975
0.824	0.889
0.726	0.811
0.679	0.721
0.658	0.639
0.668	0.650
0.702	0.657
0.716	0.630
0.809	0.720
0.729	0.641
0.711	0.619
0.725	0.753
0.846	0.999
1.257	1.541
1.432	1.610
1.308	1.493
1.230	1.406
1.272	1.308
1.206	1.262
1.282	1.358
1.202	1.266
1.036	1.196
1.033	1.206
1.221	1.527
1.572	1.943
1.878	2.229
2.009	2.276
2.052	2.346
2.097	2.290
2.173	2.429
2.159	2.358
2.037	2.216
1.816	1.926
1.648	1.752
1.575	1.875
1.619	1.845
1.728	1.972
1.996	2.533
2.375	2.694
2.393	2.662
2.356	2.518
2.222	2.274
2.117	2.210
1.945	2.013
1.736	1.700
1.558	1.652
1.471	1.580
1.441	1.459
1.430	1.455
1.513	1.599
1.886	2.061
2.038	2.184
1.920	1.876
1.742	1.711
1.569	1.398
1.359	1.185
1.233	1.050
1.089	0.920
0.911	0.797
0.845	0.760
0.907	0.806
1.075	1.131
1.494	1.607
1.773	1.822
1.629	1.652
1.575	1.511
1.471	1.278
1.322	1.112
1.242	1.083
1.113	0.869
0.932	0.690
0.864	0.694
0.901	0.794
1.019	0.962
1.274	1.405
1.522	1.672
1.610	1.701
1.564	1.638
1.499	1.560
1.402	1.313
1.329	1.282
1.257	1.309
1.159	1.218
1.067	1.216
1.022	1.174
1.224	1.590
1.580	2.031
1.732	2.144
1.884	2.140
1.804	2.051
1.828	2.051
1.823	1.984
1.772	1.947
1.643	1.751
1.543	1.622
1.474	1.621
1.629	1.741
1.697	1.891
1.802	2.079
1.937	2.197
1.893	2.087
1.926	2.163
2.008	2.161
1.959	2.040
1.879	2.000
1.819	1.840
1.654	1.725
1.556	1.622
1.496	1.601
1.515	1.617
1.671	1.818
1.957	2.199
2.106	2.330
2.151	2.328
2.120	2.218
2.055	2.250
1.980	2.131
1.766	1.889
1.591	1.587
1.467	1.499
1.334	1.377
1.302	1.400
1.377	1.504
1.539	1.786
1.767	2.006
1.933	2.038
1.931	2.042
1.862	1.955
1.778	1.818
1.692	1.704
1.631	1.604
1.583	1.554
1.496	1.362
1.451	1.404
1.498	1.487
1.649	1.719
1.789	1.911
1.994	2.175
2.115	2.141
2.069	2.054
1.957	1.839
1.823	1.709
1.654	1.460
1.485	1.249
1.354	1.150
1.235	1.039
1.194	0.989
1.176	0.976
1.187	1.047
1.419	1.358
1.630	1.598
1.708	1.652
1.673	1.537
1.542	1.345
1.451	1.252
1.401	1.198
1.340	1.025
1.192	0.913
1.066	0.793
1.054	0.826
1.083	0.907
1.253	1.109
1.514	1.477
1.730	1.703
1.763	1.694
1.718	1.503
1.606	1.362
1.512	1.262
1.408	1.089
1.257	0.888
1.108	0.768
0.988	0.697
0.955	0.697
0.974	0.705
1.058	0.865
1.318	1.195
1.406	1.394
1.342	1.307
1.214	1.144
1.111	0.926
0.978	0.861
0.902	0.741
0.806	0.611
0.654	0.465
0.557	0.425
0.585	0.467
0.745	0.632
0.861	0.795
0.833	0.790
0.815	0.808
0.786	0.765
0.679	0.713
0.668	0.721
0.738	0.703
0.755	0.690
0.785	0.618
0.721	0.546
0.701	0.532
0.762	0.580
0.838	0.727
1.186	1.086
1.218	1.331
1.349	1.296
1.318	1.164
1.247	1.046
1.133	0.954
1.080	0.863
0.939	0.727
0.715	0.578
0.622	0.560
0.658	0.616
0.745	0.706
1.002	1.119
1.375	1.486
1.384	1.365
1.302	1.351
1.359	1.310
1.175	1.139
1.137	1.016
0.977	0.835
0.759	0.610
0.581	0.472
0.808	0.591
0.639	0.527
0.571	0.443
0.469	0.328
0.424	0.358
0.618	0.623
0.628	0.639
0.628	0.626
0.684	0.678
0.871	0.871
1.072	1.052
1.181	1.177
1.160	1.008
0.878	0.735
0.692	0.630
0.665	0.665
0.762	0.814
1.044	1.187
1.419	1.585
1.400	1.467
1.270	1.259
1.170	1.101
1.107	1.075
1.089	1.062
1.024	0.932
0.832	0.673
0.616	0.502
0.540	0.495
0.591	0.575
0.705	0.760
1.030	1.136
1.019	0.979
0.923	0.945
0.682	0.873
0.845	0.881
0.820	0.866
0.782	0.858
0.787	0.696
0.634	0.543
0.563	0.504
0.659	0.498
0.612	0.493
0.610	0.669
0.652	0.755
0.676	0.802
0.677	0.815
0.733	0.740
0.805	0.800
0.880	0.815
0.800	0.737
0.766	0.599
0.667	0.510
0.600	0.518
0.670	0.599
0.755	0.772
1.222	1.422
1.450	1.565
1.485	1.534
1.439	1.391
1.335	1.271
1.618	1.420
1.554	1.456
1.501	1.430
1.443	1.268
1.330	1.153
1.278	1.126
1.211	1.008
1.105	0.922
1.041	0.871
1.057	0.910
1.111	0.938
1.168	1.182
1.135	1.336
1.225	1.253
1.157	1.122
1.128	1.035
0.820	0.947
0.792	0.846
0.810	0.742
0.694	0.670
0.799	0.613
0.704	0.558
0.708	0.528
0.771	0.587
0.908	0.666
0.779	0.697
0.725	0.706
0.705	0.689
0.753	0.714
0.761	0.697
0.997	0.833
1.041	0.928
0.929	0.775
0.821	0.671
0.819	0.702
0.958	0.950
1.282	1.460
1.507	1.484
1.537	1.524
1.468	1.442
1.458	1.472
1.411	1.395
1.397	1.437
1.312	1.240
1.199	1.083
1.052	0.971
1.041	0.962
1.138	1.134
1.324	1.370
1.483	1.737
1.486	1.519
1.446	1.381
1.423	1.475
1.588	1.555
1.525	1.575
1.581	1.511
1.481	1.371
1.410	1.300
1.340	1.131
1.310	1.348
1.499	1.375
1.717	1.733
1.796	2.039
1.932	2.103
1.943	1.897
1.877	1.902
1.733	1.658
1.589	1.475
1.401	1.247
1.240	1.120
1.154	1.008
1.092	0.982
1.040	0.858
1.068	1.075
1.353	1.358
1.248	1.322
1.199	1.131
1.184	1.083
1.113	0.943
0.946	0.867
0.911	0.858
0.879	0.682
0.769	0.527
0.709	0.504
0.733	0.552
0.834	0.718
1.001	0.926
0.931	0.908
0.802	0.863
0.826	0.789
0.756	0.794
0.846	0.728
0.906	0.748
0.862	0.807
0.950	0.769
0.908	0.736
0.931	0.774
0.972	0.833
1.179	1.101
1.129	1.229
1.165	1.199
1.191	1.152
1.224	1.208
1.334	1.183
1.345	1.185
1.256	1.048
1.132	0.895
1.082	0.879
1.097	0.889
1.192	0.984
1.313	1.192
1.771	1.832
1.918	1.858
1.780	1.689
1.690	1.553
1.577	1.475
1.477	1.339
1.301	1.108
1.158	0.943
1.036	0.855
0.954	0.723
0.969	0.869
1.148	1.184
1.089	1.238
1.085	1.087
1.037	0.997
0.772	0.843
0.797	0.722
0.786	0.666
0.730	0.624
0.735	0.515
0.693	0.508
0.682	0.531
0.795	0.708
1.179	1.257
1.403	1.394
1.355	1.270
1.273	1.166
1.204	1.040
1.167	1.033
1.202	1.094
1.124	0.852
0.854	0.657
0.667	0.575
0.640	0.654
0.787	0.856
1.251	1.469
1.534	1.673
1.494	1.538
1.437	1.609
1.448	1.503
1.514	1.608
1.501	1.546
1.327	1.357
1.105	1.087
1.001	1.048
1.016	1.125
1.085	1.141
1.219	1.281
1.236	1.437
1.273	1.117
1.106	1.073
1.032	1.053
0.965	1.013
0.994	1.073
1.069	0.992
1.006	0.997
0.934	0.973
0.854	0.953
0.874	0.990
0.982	1.192
1.419	1.651
1.402	1.423
1.269	1.313
1.109	1.282
1.263	1.213
1.147	1.120
1.166	1.151
1.143	1.136
0.990	1.085
0.921	1.085
0.942	1.092
1.081	1.335
1.445	1.756
1.602	1.821
1.687	1.741
1.544	1.742
1.600	1.719
1.554	1.656
1.536	1.654
1.406	1.401
1.165	1.190
1.002	1.103
1.026	1.125
1.102	1.354
1.395	1.697
1.446	1.787
1.303	1.531
1.300	1.284
1.157	1.316
1.068	1.159
1.037	1.088
0.877	0.940
0.823	0.763
0.770	0.739
0.848	0.745
0.824	0.864
0.904	0.926
0.821	0.874
0.725	0.786
0.677	0.708
0.648	0.623
0.649	0.650
0.670	0.609
0.681	0.619
0.783	0.796
0.896	0.960
1.036	0.891
1.048	1.033
1.157	1.262
1.510	1.671
1.667	1.760
1.558	1.701
1.490	1.655
1.528	1.562
1.468	1.516
1.534	1.613
1.464	1.523
1.321	1.440
1.319	1.480
1.481	1.750
1.800	2.182
2.085	2.355
2.208	2.336
2.247	2.523
2.287	2.421
2.358	2.454
2.346	2.389
2.230	2.248
2.021	1.961
1.864	1.842
1.797	1.921
1.837	1.828
1.940	1.951
2.188	2.515
2.556	2.634
2.558	2.623
2.539	2.538
2.412	2.218
2.310	2.221
2.147	1.934
1.951	1.688
1.787	1.610
1.706	1.639
1.681	1.551
1.669	1.612
1.746	1.670
2.085	2.122
2.204	2.219
2.104	1.905
1.928	1.763
1.780	1.576
1.584	1.456
1.541	1.293
1.419	1.244
1.275	1.094
1.223	1.044
1.272	1.065
1.406	1.346
1.739	1.710
1.976	1.869
1.757	1.680
1.764	1.636
1.715	1.442
1.545	1.315
1.477	1.359
1.426	1.187
1.285	1.102
1.233	1.019
1.263	1.137
1.355	1.251
1.539	1.623
1.747	1.837
1.855	1.820
1.815	1.833
1.775	1.711
1.693	1.429
1.627	1.452
1.568	1.433
1.483	1.408
1.406	1.377
1.368	1.407
1.536	1.846
1.853	2.135
1.989	2.225
2.132	2.230
2.057	2.200
2.072	2.292
2.062	2.130
2.007	2.104
1.903	1.968
1.811	1.880
1.756	1.832
1.898	1.981
1.959	2.052
2.054	2.283
2.163	2.292
2.133	2.328
2.157	2.368
2.231	2.348
2.199	2.226
2.124	2.147
2.068	2.012
1.917	1.884
1.829	1.870
1.776	1.812
1.793	1.854
1.932	2.034
2.197	2.355
2.335	2.417
2.378	2.427
2.347	2.242
2.286	2.315
2.217	2.319
2.017	2.028
1.859	1.784
1.747	1.790
1.633	1.651
1.606	1.699
1.670	1.775
1.815	1.995
2.022	2.234
2.173	2.233
2.169	2.219
2.107	2.179
2.033	2.115
1.954	2.022
1.898	1.917
1.855	1.923
1.777	1.724
1.737	1.747
1.775	1.779
1.915	1.974
2.045	2.166
2.235	2.409
2.344	2.411
2.303	2.287
2.198	2.037
2.074	2.036
1.920	1.791
1.768	1.661
1.652	1.617
1.548	1.475
1.513	1.455
1.498	1.364
1.506	1.531
1.702	1.738
1.881	1.929
1.957	1.987
1.926	1.930
1.802	1.728
1.718	1.644
1.683	1.564
1.635	1.388
1.507	1.329
1.402	1.237
1.394	1.253
1.415	1.335
1.553	1.446
1.771	1.735
1.937	1.899
1.926	1.931
1.912	1.832
1.786	1.643
1.761	1.641
1.688	1.462
1.553	1.353
1.435	1.241
1.337	1.120
1.308	1.105
1.325	1.156
1.382	1.336
1.583	1.593
1.753	1.675
1.616	1.598
1.487	1.443
1.454	1.324
1.292	1.184
1.155	1.115
1.143	1.015
1.046	0.880
0.983	0.833
0.961	0.827
0.917	0.772
0.831	0.814
0.811	0.805
0.795	0.780
0.766	0.705
0.665	0.678
0.659	0.702
0.736	0.710
0.743	0.747
0.900	0.872
1.122	0.878
1.005	0.859
1.151	0.873
1.030	1.005
1.533	1.256
1.211	1.466
1.445	1.435
1.579	1.386
1.616	1.370
1.528	1.346
1.491	1.219
1.393	1.099
1.212	0.949
1.133	0.961
1.158	1.005
1.220	1.092
1.432	1.401
1.527	1.574
1.391	1.452
1.318	1.492
1.594	1.503
1.326	1.451
1.427	1.287
1.295	1.167
1.175	1.056
1.060	0.968
1.032	0.910
1.010	0.881
1.038	0.938
1.081	1.042
0.970	1.093
1.030	1.071
0.941	0.886
0.809	0.697
0.612	0.611
0.552	0.489
0.454	0.425
0.455	0.388
0.453	0.391
0.507	0.398
0.550	0.503
0.612	0.674
0.628	0.672
0.626	0.678
0.680	0.710
0.865	1.028
1.103	1.311
1.289	1.581
1.532	1.547
1.313	1.352
1.177	1.146
1.162	1.167
1.213	1.337
1.439	1.668
1.733	1.946
1.599	1.765
1.441	1.632
1.415	1.516
1.298	1.395
1.260	1.347
1.113	1.210
1.007	1.143
1.058	1.052
1.002	1.090
1.029	1.137
1.047	1.111
1.041	1.211
1.009	1.011
0.921	0.999
0.680	0.890
0.835	0.928
0.809	0.903
0.768	0.877
0.771	0.787
0.755	0.705
0.787	0.691
0.885	0.685
0.731	0.620
0.598	0.701
0.648	0.743
0.673	0.777
0.674	0.835
0.729	0.780
0.800	0.901
0.877	0.931
0.795	0.847
0.849	0.833
0.987	0.845
0.802	0.881
0.948	0.945
1.099	1.140
1.384	1.492
1.439	1.664
1.546	1.734
1.650	1.627
1.539	1.560
1.558	1.411
1.535	1.455
1.478	1.378
1.405	1.192
1.298	1.149
1.249	1.190
1.177	0.982
1.067	0.935
0.998	0.922
1.009	0.986
1.066	1.062
1.135	1.114
1.197	1.174
1.131	1.132
1.107	1.038
0.806	0.896
0.777	0.857
0.785	0.717
0.671	0.627
0.761	0.578
0.670	0.573
0.672	0.568
0.740	0.576
0.856	0.689
0.772	0.719
0.737	0.666
0.722	0.665
0.786	0.659
0.784	0.753
1.030	0.878
0.905	0.844
0.782	0.686
0.780	0.773
0.909	0.918
1.265	1.330
1.511	1.494
1.544	1.293
1.474	1.349
1.450	1.231
1.413	1.323
1.385	1.223
1.296	1.211
1.154	1.018
1.002	0.918
0.988	0.927
1.077	1.042
1.276	1.212
1.465	1.454
1.478	1.316
1.445	1.211
1.436	1.355
1.582	1.337
1.513	1.389
1.556	1.334
1.446	1.271
1.360	1.256
1.276	1.181
1.439	1.396
1.677	1.757
1.774	1.892
1.906	1.968
1.907	1.874
1.837	1.686
1.694	1.566
1.542	1.367
1.342	1.205
1.172	1.039
1.079	0.944
1.020	0.926
0.961	0.912
1.007	0.969
1.302	1.258
1.217	1.241
1.173	1.171
1.148	1.046
1.077	0.894
0.918	0.828
0.879	0.792
0.837	0.718
0.714	0.594
0.654	0.591
0.675	0.630
0.782	0.775
0.970	0.817
0.908	0.768
0.786	0.782
0.820	0.735
0.765	0.794
0.850	0.779
0.906	0.725
0.860	0.786
0.934	0.797
0.888	0.886
0.858	0.853
0.938	0.884
1.163	1.071
1.131	1.128
1.172	1.161
1.188	1.192
1.214	1.282
1.322	1.164
1.323	1.160
1.208	1.070
1.080	0.985
1.026	0.956
1.037	0.971
1.123	1.054
1.245	1.348
1.729	1.797
1.867	1.728
1.735	1.664
1.652	1.497
1.541	1.425
1.445	1.238
1.260	1.111
1.106	0.947
0.980	0.880
0.922	0.887
0.887	0.836
0.905	0.880
1.106	1.166
1.059	1.133
1.058	1.025
1.010	0.923
0.751	0.802
0.772	0.654
0.762	0.632
0.701	0.603
0.698	0.554
0.668	0.610
0.656	0.592
0.765	0.762
1.181	1.161
1.436	1.324
1.352	1.256
1.251	1.110
1.184	1.165
1.125	1.029
1.151	0.938
1.054	0.895
0.780	0.685
0.588	0.629
0.564	0.687
0.705	0.898
1.189	1.382
1.486	1.661
1.444	1.545
1.397	1.536
1.415	1.476
1.486	1.582
1.477	1.531
1.293	1.337
1.060	1.121
0.961	1.009
0.984	1.070
1.068	1.119
1.229	1.260
1.265	1.280
1.305	0.985
1.142	0.919
1.068	0.979
0.993	0.956
1.011	1.011
1.071	0.958
1.009	1.009
0.880	1.007
0.825	0.983
0.830	1.055
0.948	1.197
1.415	1.535
1.412	1.293
1.289	1.126
1.121	1.094
1.256	1.131
1.149	1.060
1.166	1.007
1.123	1.085
0.946	1.040
0.872	1.001
0.896	1.113
1.046	1.311
1.434	1.590
1.615	1.719
1.658	1.621
1.536	1.753
1.555	1.590
1.501	1.499
1.479	1.506
1.336	1.335
1.101	1.183
0.937	1.079
0.962	1.119
1.055	1.365
1.381	1.571
1.453	1.604
1.318	1.341
1.315	1.231
1.168	1.229
1.072	1.046
1.033	0.996
0.869	0.896
0.799	0.791
0.747	0.695
0.831	0.741
0.813	0.817
0.909	0.806
0.832	0.802
0.735	0.727
0.686	0.661
0.651	0.628
0.645	0.539
0.654	0.563
0.667	0.580
0.784	0.856
0.911	0.884
1.037	0.926
1.046	1.063
1.138	1.171
1.498	1.510
1.667	1.550
1.534	1.459
1.448	1.374
1.482	1.324
1.428	1.363
1.492	1.399
1.418	1.321
1.253	1.213
1.254	1.152
1.414	1.564
1.744	1.871
2.040	2.112
2.158	2.132
2.187	2.103
2.220	2.074
2.286	2.287
2.276	2.338
2.155	2.090
1.941	1.780
1.780	1.649
1.714	1.718
1.755	1.692
1.866	1.907
2.120	2.249
2.494	2.613
2.498	2.337
2.475	2.375
2.347	2.095
2.242	1.961
2.079	1.935
1.879	1.580
1.715	1.563
1.636	1.486
1.607	1.484
1.600	1.675
1.672	1.702
2.025	2.002
2.151	2.031
2.054	1.895
1.883	1.792
1.731	1.602
1.534	1.372
1.459	1.291
1.358	1.217
1.214	1.093
1.163	1.087
1.213	1.165
1.351	1.333
1.708	1.726
1.952	1.816
1.738	1.613
1.739	1.499
1.687	1.482
1.517	1.283
1.452	1.233
1.383	1.253
1.235	1.047
1.185	1.106
1.212	1.120
1.308	1.392
1.513	1.458
1.748	1.703
1.841	1.645
1.800	1.617
1.742	1.523
1.632	1.422
1.558	1.367
1.500	1.358
1.421	1.283
1.338	1.265
1.296	1.324
1.474	1.588
1.791	1.827
1.936	2.043
2.089	2.042
2.004	2.061
2.026	2.130
2.016	2.036
1.966	1.983
1.859	1.825
1.768	1.717
1.715	1.733
1.843	1.887
1.901	1.883
2.000	2.052
2.116	2.219
2.092	2.129
2.124	2.349
2.181	2.332
2.143	2.234
2.065	2.044
1.999	1.932
1.843	1.722
1.756	1.751
1.702	1.652
1.718	1.734
1.859	2.006
2.128	2.169
2.267	2.417
2.311	2.348
2.277	2.316
2.214	2.334
2.138	1.977
1.939	1.912
1.777	1.681
1.665	1.685
1.553	1.586
1.533	1.564
1.597	1.658
1.745	1.772
1.959	2.032
2.119	2.152
2.116	2.194
2.043	2.009
1.973	1.933
1.888	1.982
1.830	1.796
1.786	1.589
1.700	1.715
1.660	1.615
1.694	1.696
1.840	1.852
1.978	2.011
2.173	2.129
2.273	2.184
2.232	2.190
2.131	2.052
2.004	1.889
1.849	1.677
1.696	1.518
1.576	1.558
1.476	1.510
1.442	1.435
1.425	1.323
1.439	1.464
1.644	1.495
1.829	1.773
1.904	1.841
1.882	1.772
1.756	1.596
1.675	1.556
1.639	1.553
1.586	1.344
1.458	1.284
1.348	1.096
1.337	1.242
1.361	1.278
1.511	1.489
1.729	1.614
1.908	1.732
1.897	1.765
1.881	1.579
1.765	1.448
1.730	1.516
1.651	1.497
1.511	1.388
1.381	1.182
1.282	1.258
1.257	1.108
1.266	1.180
1.336	1.196
1.543	1.452
1.654	1.602
1.549	1.320
1.417	1.277
1.393	1.179
1.232	1.016
1.102	1.059
1.082	0.959
0.977	0.869
0.910	0.805
0.884	0.749
0.853	0.753
0.782	0.735
0.771	0.655
0.744	0.633
0.660	0.622
0.673	0.615
0.775	0.608
0.763	0.659
0.921	0.839
1.142	0.946
1.006	0.956
1.153	0.986
1.014	1.037
1.485	1.203
1.214	1.294
1.430	1.418
1.569	1.456
1.623	1.349
1.522	1.360
1.477	1.306
1.366	1.249
1.184	0.985
1.098	1.032
1.136	1.106
1.193	1.065
1.397	1.322
1.476	1.370
1.353	1.335
1.288	1.422
1.548	1.372
1.297	1.316
1.375	1.250
1.244	1.182
1.128	1.080
1.021	0.943
0.993	0.869
0.973	0.858
0.984	0.943
1.031	0.988
0.946	1.011
1.008	0.954
0.922	0.815
0.779	0.668
0.593	0.519
0.552	0.432
0.470	0.367
0.456	0.330
0.448	0.354
0.508	0.342
0.557	0.437
0.637	0.577
0.650	0.592
0.643	0.520
0.704	0.563
0.894	0.891
1.135	1.030
1.300	1.367
1.520	1.394
1.302	1.169
1.164	1.114
1.145	1.157
1.198	1.225
1.450	1.550
1.745	1.766
1.596	1.587
1.422	1.376
1.398	1.241
1.271	1.202
1.229	1.215
1.078	1.027
0.959	1.000
1.000	0.887
0.941	0.774
0.980	0.876
0.982	0.895
1.030	1.006
1.011	0.924
0.949	0.817
0.709	0.753
0.856	0.854
0.829	0.839
0.779	0.755
0.774	0.650
0.744	0.612
0.775	0.609
0.817	0.523
0.708	0.622
0.588	0.605
0.656	0.648
0.684	0.707
0.687	0.722
0.750	0.687
0.822	0.849
0.911	0.830
0.817	0.746
0.839	0.801
0.983	0.812
0.759	0.781
0.914	0.816
1.105	1.071
1.350	1.362
1.413	1.523
1.521	1.637
1.614	1.574
1.511	1.519
0.692	0.620
0.756	0.610
0.878	0.640
0.770	0.740
0.726	0.690
0.711	0.700
0.773	0.700
0.778	0.730
1.016	0.910
1.193	1.080
1.268	1.270
1.298	1.260
1.323	1.320
1.532	1.750
1.557	1.750
1.642	1.670
1.529	1.600
1.635	1.630
1.519	1.630
1.549	1.460
1.538	1.560
1.698	1.580
1.592	1.570
1.640	1.730
1.806	1.890
1.865	1.950
1.620	2.000
1.475	1.720
1.440	1.530
1.423	1.540
1.655	1.650
1.542	1.930
2.083	1.820
1.889	1.870
1.905	1.810
1.931	1.990
1.451	1.920
1.992	1.710
1.776	1.970
1.966	2.180
2.042	2.390
2.070	2.460
1.937	2.170
1.886	1.860
1.718	1.850
1.622	1.600
1.632	1.630
1.481	1.590
1.644	1.460
1.414	1.290
1.350	1.320
1.230	1.290
1.184	1.300
1.167	1.160
1.099	1.000
0.939	1.080
0.902	1.010
0.893	1.010
0.923	0.880
0.873	0.910
0.910	0.850
0.941	0.820
0.984	0.900
0.918	0.900
0.792	0.790
0.819	0.780
0.755	0.800
0.843	0.790
0.901	0.680
0.859	0.820
0.989	0.960
1.069	1.090
1.409	1.200
1.156	1.190
1.178	1.190
1.122	1.010
1.160	1.250
1.181	1.210
1.210	1.390
1.318	1.370
1.409	1.520
1.530	1.530
1.461	1.650
1.629	1.710
1.710	1.810
1.845	1.960
1.918	1.970
2.110	2.180
2.251	2.250
2.026	2.220
1.776	1.880
1.727	1.710
1.474	1.640
1.451	1.520
1.373	1.410
1.277	1.290
1.242	1.140
1.147	1.160
1.121	1.110
1.068	1.110
1.066	1.150
1.019	1.000
0.758	0.810
0.781	0.730
0.769	0.670
0.709	0.660
0.714	0.630
0.789	0.690
0.901	0.760
1.185	0.960
1.298	1.410
1.421	1.550
1.451	1.810
1.576	1.690
1.646	1.650
1.786	1.910
1.855	1.970
1.822	1.960
1.525	1.810
1.427	1.710
1.395	1.770
1.961	2.450
2.116	2.550
2.073	2.340
1.920	2.210
1.896	2.070
1.918	1.940
1.771	1.910
1.615	1.620
1.338	1.470
1.275	1.320
1.217	1.350
1.211	1.330
1.223	1.370
1.246	1.610
1.287	1.160
1.126	1.060
1.053	1.040
0.983	1.050
1.003	1.080
1.072	1.080
1.015	1.210
1.359	1.170
1.254	1.310
1.411	1.460
1.505	1.450
1.540	1.690
1.403	1.500
1.280	1.220
1.116	1.260
1.266	1.210
1.150	1.190
1.169	1.250
1.278	1.370
1.485	1.470
1.496	1.430
1.458	1.630
1.599	1.660
1.754	2.030
1.613	2.140
2.291	2.250
1.850	2.530
2.215	2.290
2.219	2.390
2.200	2.460
2.102	2.340
1.828	2.030
1.677	1.770
1.661	1.770
1.538	1.590
1.427	1.630
1.443	1.920
1.306	1.460
1.306	1.290
1.160	1.220
1.067	1.100
1.032	1.080
0.871	0.820
0.808	0.810
0.756	0.740
0.836	0.760
0.813	0.750
0.900	0.940
0.821	0.890
0.726	0.820
0.677	0.650
0.645	0.570
0.643	0.610
0.658	0.630
0.670	0.560
0.787	0.770
0.915	0.960
1.112	1.050
1.127	1.120
1.527	1.390
1.844	1.740
1.953	1.820
1.964	1.930
1.955	1.890
1.992	2.240
1.913	2.100
1.945	2.080
1.889	2.200
1.843	2.170
1.836	2.140
2.020	2.490
2.347	3.030
2.624	3.300
2.766	3.110
2.841	3.110
2.893	3.170
2.974	3.190
2.958	3.240
2.839	3.080
2.623	2.860
2.460	2.850
2.386	2.580
2.429	2.720
2.528	2.810
2.689	3.240
3.141	3.380
3.024	3.350
3.117	3.520
3.004	3.340
2.896	3.060
2.723	2.910
2.525	2.760
2.351	2.620
2.268	2.530
2.238	2.390
2.219	2.490
2.301	2.740
2.563	2.770
2.501	2.690
2.472	2.310
2.179	2.440
2.124	2.080
1.813	2.000
1.995	1.880
1.801	1.860
1.642	1.640
1.636	1.660
1.646	1.660
1.774	1.770
1.836	1.820
2.012	1.970
1.748	1.890
1.754	1.760
1.765	1.790
1.535	1.600
1.467	1.550
1.637	1.730
1.571	1.590
1.564	1.480
1.602	1.540
1.666	1.630
1.547	1.670
1.743	1.770
2.027	1.880
2.000	1.910
2.208	2.210
2.203	2.500
2.179	2.370
2.102	2.400
2.000	2.250
1.928	2.080
1.890	2.090
2.070	2.200
2.399	2.730
2.489	2.890
2.647	2.930
2.573	2.810
2.516	2.700
2.457	2.430
2.305	2.310
2.319	2.360
2.205	2.300
2.210	2.370
2.441	2.660
2.496	2.710
2.588	2.690
2.565	2.790
2.601	2.600
2.569	2.550
2.680	3.040
2.761	2.680
2.705	2.770
2.656	2.470
2.498	2.580
2.400	2.450
2.335	2.300
2.360	2.340
2.514	2.550
2.774	2.820
2.937	3.240
2.974	3.180
2.953	2.920
2.889	2.960
2.820	2.900
2.612	2.670
2.445	2.440
2.326	2.230
2.195	2.090
2.140	2.170
2.227	2.260
2.376	2.530
2.573	2.780
2.719	2.890
2.684	2.850
2.639	2.810
2.599	2.730
2.519	2.600
2.455	2.650
2.420	2.440
2.344	2.450
2.301	2.340
2.353	2.420
2.492	2.700
2.616	2.980
2.805	2.940
2.945	3.120
2.884	2.860
2.767	2.890
2.646	2.620
2.480	2.560
2.315	2.350
2.190	2.080
2.028	2.050
1.996	2.010
2.009	1.940
1.977	1.920
2.151	2.140
2.232	2.270
2.368	2.360
2.341	2.290
2.130	2.030
1.985	2.020
2.054	2.040
2.059	2.140
1.927	1.880
1.826	1.760
1.865	1.750
1.796	1.750
1.876	1.790
2.017	2.030
1.965	1.970
1.914	2.110
1.902	1.930
1.777	1.860
1.916	1.940
2.042	1.870
1.854	1.810
1.836	1.710
1.738	1.590
1.671	1.660
1.703	1.600
1.609	1.650
1.653	1.690
1.802	1.530
1.581	1.620
1.449	1.430
1.433	1.310
1.259	1.220
1.123	1.250
1.110	1.070
1.014	0.920
0.956	0.910
0.924	0.850
0.883	0.770
0.809	0.720
0.795	0.750
0.781	0.770
0.753	0.640
0.662	0.670
0.667	0.720
0.761	0.710
0.756	0.730
0.912	0.990
1.164	1.230
1.006	1.080
1.165	1.130
1.018	1.040
1.526	1.250
1.205	1.300
1.431	1.410
1.570	1.460
1.715	1.460
1.651	1.710
1.637	1.770
1.611	1.610
1.469	1.520
1.379	1.490
1.402	1.380
1.403	1.380
1.584	1.380
1.498	1.510
1.368	1.330
1.298	1.340
1.566	1.450
1.305	1.430
1.397	1.370
1.266	1.430
1.167	1.200
1.132	1.120
1.162	1.030
1.092	1.010
1.028	0.890
1.052	1.030
0.954	0.960
1.014	1.000
0.925	0.830
0.790	0.760
0.599	0.590
0.549	0.450
0.465	0.430
0.457	0.360
0.454	0.380
0.512	0.380
0.556	0.410
0.622	0.630
0.634	0.780
0.629	0.630
0.688	0.600
0.875	0.760
1.115	0.990
1.290	1.370
1.589	1.550
1.457	1.410
1.406	1.430
1.423	1.590
1.341	1.560
1.544	1.910
1.750	2.080
1.589	1.870
1.425	1.540
1.398	1.390
1.278	1.260
1.238	1.150
1.091	1.110
0.979	1.010
1.044	0.850
0.992	0.890
1.013	0.880
1.011	0.930
1.028	1.120
1.003	1.060
0.929	0.950
0.695	0.830
0.846	0.880

