  102.840363   21.852053
  102.812004   21.736691
  102.713669   21.693338
  102.631371   21.785976
  102.567162   21.962864
  102.475594   22.003357
  102.435188   22.139250
  102.307281   22.221476
  102.210464   22.346554
  102.240898   22.410374
  102.315353   22.496038
  102.376900   22.613388
  102.426651   22.741390
  102.493919   22.752916
  102.587532   22.690500
  102.700806   22.681440
  102.885391   22.588675
  102.958046   22.473469
  103.058456   22.485435
  103.178070   22.571575
  103.252960   22.657181
  103.347771   22.806747
  103.429298   22.733648
  103.501045   22.618261
  103.599716   22.672445
  103.618935   22.757357
  103.755898   22.685120
  103.938858   22.560875
  104.090973   22.689602
  104.132027   22.806507
  104.209290   22.839300
  104.276031   22.850771
  104.325523   22.682161
  104.457878   22.736748
  104.600197   22.844429
  104.734848   22.814434
  104.844315   22.911196
  104.852272   23.059929
  104.894768   23.166904
  105.050980   23.200899
  105.163002   23.259726
  105.283920   23.365967
  105.419159   23.273537
  105.576881   23.139750
  105.666969   23.047028
  105.823120   22.996880
  105.912727   22.914707
  106.056892   22.947657
  106.223564   22.960033
  106.279510   22.877438
  106.412888   22.868559
  106.524017   22.901011
  106.635277   22.912647
  106.724281   22.851187
  106.835464   22.800377
  106.746361   22.674818
  106.690834   22.591280
  106.591080   22.548792
  106.613380   22.424835
  106.679886   22.291178
  106.724182   22.136862
  106.702240   22.002747
  106.867630   21.963114
  107.022018   21.933601
  107.054863   21.810463
  107.219963   21.719292
  107.319168   21.709757
  107.395905   21.607601
  107.473274   21.638929
  107.693787   21.588961
  107.860123   21.641289
  107.969841   21.539083
  108.057892   21.488129
  107.968834   21.436378
  107.825317   21.456209
  107.747551   21.394247
  107.614792   21.321777
  107.471413   21.259512
  107.448952   21.136578
  107.382805   21.044180
  107.251137   20.961681
  107.108864   20.919960
  107.043259   20.929739
  106.945023   20.847445
  106.814133   20.815916
  106.803528   20.713905
  106.662308   20.621170
  106.586678   20.518776
  106.587265   20.406855
  106.576920   20.315237
  106.512329   20.233398
  106.360901   20.191509
  106.264442   20.068756
  106.189911   19.936066
  106.060570   19.904398
  105.942566   19.832170
  105.901115   19.679510
  105.816696   19.526417
  105.776115   19.323057
  105.777489   19.211460
  105.725044   19.109413
  105.640213   19.027269
  105.707489   18.804703
  105.838264   18.633430
  105.893806   18.471386
  106.055717   18.361017
  106.164711   18.188919
  106.261024   18.189629
  106.368927   18.108873
  106.476501   18.058554
  106.499161   17.936337
  106.446411   17.864656
  106.512207   17.711870
  106.574600   17.583895
  106.682632   17.427296
  106.783203   17.311466
  106.912056   17.229858
  107.033852   17.127407
  107.126877   17.065870
  107.153275   16.924814
  107.255135   16.847172
  107.397446   16.730810
  107.488693   16.662966
  107.660713   16.517702
  107.902596   16.382071
  108.003189   16.294998
  108.163788   16.140299
  108.283813   15.937592
  108.393723   15.831313
  108.602806   15.551403
  108.772072   15.435218
  108.910828   15.251727
  108.959061   14.962788
  109.037148   14.692816
  109.095276   14.432388
  109.173607   14.239079
  109.271240   13.968173
  109.270096   13.784586
  109.249023   13.581573
  109.337364   13.425890
  109.296890   13.290434
  109.375076   13.095543
  109.473045   12.890308
  109.382133   12.799132
  109.390350   12.641916
  109.285751   12.559303
  109.303642   12.420705
  109.283981   12.310064
  109.226334   12.153565
  109.235153   12.061322
  109.281479   11.941247
  109.290352   11.858260
  109.233101   11.738805
  109.166573   11.628630
  109.100220   11.536879
  109.015419   11.500473
  108.958298   11.353402
  108.807716   11.289625
  108.666527   11.207310
  108.553528   11.115606
  108.431252   11.042290
  108.327774   10.968852
  108.271271   10.904473
  108.149254   10.904703
  108.092781   10.849480
  108.054947   10.738882
  107.960983   10.702071
  107.857697   10.702115
  107.782303   10.582154
  107.678909   10.554404
  107.500206   10.489534
  107.321396   10.442944
  107.236534   10.359491
  107.114059   10.340558
  107.076431   10.386660
  107.010529   10.469628
  106.963310   10.423185
  106.916061   10.358204
  106.821617   10.320701
  106.793358   10.394602
  106.793129   10.200147
  106.764648   10.107303
  106.707832   10.032752
  106.632156   10.004393
  106.650909    9.930277
  106.688492    9.837692
  106.603348    9.809170
  106.518234    9.817771
  106.574608    9.678767
  106.498520    9.557084
  106.413269    9.546955
  106.337494    9.555512
  106.223541    9.517012
  106.194633    9.404717
  106.108917    9.347653
  105.984993    9.280622
  105.784668    9.230999
  105.727066    9.164540
  105.602531    9.106275
  105.506325    9.020123
  105.438828    8.953105
  105.332291    8.809842
  105.264519    8.742462
  105.129074    8.654593
  105.022667    8.614384
  104.838562    8.562683
  104.770744    8.561008
  104.703316    8.606718
  104.742645    8.664541
  104.801376    8.732211
  104.850174    8.780632
  104.792542    8.835991
  104.793114    8.911555
  104.803894    9.072124
  104.833847    9.232805
  104.834473    9.364415
  104.835075    9.524009
  104.845100    9.646080
  104.893669    9.749983
  104.971123    9.863574
  105.077309    9.930712
  105.058067   10.014451
  104.971199   10.106458
  104.893890   10.105247
  104.826126   10.141522
  104.758232   10.215151
  104.661278   10.166855
  104.593277   10.165708
  104.554192   10.267879
  104.524864   10.323469
  104.466202   10.397269
  104.543861   10.473240
  104.660454   10.503016
  104.805916   10.523772
  104.912384   10.534562
  105.037659   10.638625
  105.075775   10.760046
  105.046318   10.862022
  105.094101   10.955531
  105.219810   10.891798
  105.373817   10.884071
  105.517693   10.922565
  105.670876   10.961000
  105.795097   10.999071
  105.833565   10.934501
  105.938812   10.861185
  106.053230   10.852769
  106.148499   10.825660
  106.186340   10.918478
  106.205147   11.001881
  106.147812   11.075560
  106.081009   11.112171
  105.985390   11.176373
  105.879868   11.277558
  105.889137   11.333174
  105.888351   11.472059
  105.916344   11.583313
  105.839424   11.638491
  105.915855   11.657382
  105.982674   11.676203
  106.049255   11.722766
  106.221001   11.732667
  106.278297   11.714367
  106.402283   11.677788
  106.421356   11.668604
  106.458664   11.816605
  106.448639   11.909029
  106.495918   11.964603
  106.657455   11.992614
  106.790367   12.011264
  106.866142   12.048288
  107.036720   12.085322
  107.131142   12.186918
  107.263405   12.306934
  107.367599   12.306843
  107.443375   12.288293
  107.556641   12.435911
  107.584564   12.666931
  107.527267   12.824347
  107.488892   12.954095
  107.535782   13.130129
  107.564011   13.213567
  107.620476   13.389881
  107.581749   13.557452
  107.504555   13.753431
  107.465385   13.931006
  107.397964   14.006093
  107.359230   14.071776
  107.415062   14.315348
  107.481667   14.399599
  107.519028   14.559397
  107.556557   14.700652
  107.517410   14.795318
  107.564850   14.899118
  107.516167   14.965696
  107.602386   15.050558
  107.640297   15.154808
  107.678261   15.259230
  107.639000   15.345221
  107.570580   15.431536
  107.472908   15.518204
  107.394989   15.547442
  107.326500   15.595815
  107.286652   15.682427
  107.246460   15.788438
  107.255264   15.865388
  107.316765   15.876481
  107.412453   15.913456
  107.441086   15.996374
  107.479332   16.079306
  107.412201   16.106863
  107.354736   16.079151
  107.268394   16.115850
  107.191544   16.180176
  107.133873   16.226107
  107.123955   16.336649
  107.018524   16.290302
  106.960754   16.336208
  106.883331   16.474228
  106.786652   16.584557
  106.739151   16.473722
  106.652298   16.528711
  106.613068   16.648474
  106.573631   16.786757
  106.553253   16.943684
  106.504593   16.998934
  106.349136   17.109230
  106.280502   17.210712
  106.133926   17.339705
  105.997635   17.385397
  105.917976   17.542725
  105.749969   17.727753
  105.689766   17.839134
  105.569481   18.024984
  105.538658   18.108856
  105.457336   18.267412
  105.370132   18.210911
  105.250580   18.294607
  105.179092   18.416130
  105.098999   18.472097
  105.126839   18.547335
  105.184509   18.613337
  105.113205   18.707161
  104.953819   18.753714
  104.793251   18.828627
  104.682686   18.875483
  104.530579   18.969576
  104.346436   19.093943
  104.198273   19.189201
  104.081886   19.255882
  103.947334   19.283201
  103.948044   19.420786
  104.126686   19.502222
  104.117363   19.640308
  104.070930   19.718872
  104.172127   19.740091
  104.349388   19.693029
  104.452766   19.674704
  104.564941   19.676291
  104.646439   19.677448
  104.753807   19.758062
  104.819984   19.848143
  104.847160   19.908066
  104.914627   19.978563
  104.969193   20.098866
  104.944824   20.168480
  104.880524   20.217697
  104.817848   20.236944
  104.694687   20.235403
  104.679489   20.315531
  104.622368   20.405434
  104.496628   20.434223
  104.412628   20.453455
  104.458969   20.534876
  104.540405   20.556034
  104.610847   20.587214
  104.606300   20.658173
  104.508362   20.728294
  104.443329   20.768368
  104.345490   20.828619
  104.277161   20.909813
  104.221237   20.960569
  104.105370   20.969790
  104.033592   20.948612
  103.871399   20.875357
  103.812515   20.823605
  103.755310   20.751484
  103.730415   20.669594
  103.656242   20.679100
  103.598740   20.739855
  103.542763   20.780289
  103.446251   20.799961
  103.351318   20.799179
  103.242905   20.829100
  103.165047   20.869616
  103.048279   20.982174
  102.983109   21.105970
  102.915726   21.163822
  102.858200   21.230181
  102.800468   21.296663
  102.941391   21.358126
  102.954163   21.455555
  102.943588   21.581911
  102.987595   21.680464
  102.889297   21.727283
  104.076500   10.378774
  104.043312   10.409528
  104.006714   10.446516
  103.971855   10.426452
  103.957306   10.375260
  103.922165   10.364694
  103.879898   10.376117
  103.854225   10.372170
  103.831871   10.365148
  103.852867   10.311836
  103.888885   10.293880
  103.928314   10.269670
  103.955055   10.238723
  103.977104   10.150459
  104.002464   10.059061
  104.011627    9.970297
  104.035439    9.929636
  104.058960   10.003492
  104.044716   10.047589
  104.023933   10.094655
  104.038963   10.130048
  104.062592   10.200619
  104.083878   10.242517
  104.082039   10.302776
  104.080879   10.340825
  111.557388   17.112705
  111.517693   17.120914
  111.466843   17.104761
  111.452988   17.069574
  111.487083   17.055973
  111.535088   17.069422
  111.571762   17.082888
  111.788612   16.262268
  111.751236   16.264568
  111.701958   16.260487
  111.667992   16.254492
  111.640854   16.246737
  111.637482   16.243509
  111.598602   16.222841
  111.568474   16.187376
  111.607681   16.159046
  111.648079   16.181156
  111.691963   16.204895
  111.749527   16.199009
  111.796913   16.206358
  111.812263   16.233923
  111.807259   16.253716
  111.821587   16.074656
  111.794762   16.075109
  111.759521   16.067665
  111.767853   16.037067
  111.801292   16.033312
  111.806328   16.036427
  111.821457   16.050583
  111.831558   16.060034
  112.593285   16.084587
  112.556183   16.082096
  112.513481   16.068453
  112.462669   16.058197
  112.435066   16.041092
  112.444344   16.024914
  112.487534   16.019279
  112.521111   16.021818
  112.551880   16.034008
  112.574966   16.057604
  112.600845   16.069946
  112.365463   16.935066
  112.328461   16.971813
  112.299164   16.980984
  112.257736   16.993847
  112.216026   16.998102
  112.196342   16.976078
  112.223534   16.949787
  112.244682   16.961393
  112.293282   16.958742
  112.327194   16.932379
  112.361229   16.912926
  114.675812    9.988508
  114.636482   10.039962
  114.553894    9.976223
  114.471443    9.912582
  114.329300    9.895755
  114.221703    9.827784
  114.244492    9.691648
  114.407379    9.753103
  114.570587    9.819646
  114.653252    9.893209
  111.774170    7.998076
  111.712257    8.049368
  111.609947    7.986071
  111.595573    7.846128
  111.637444    7.715576
  111.571144    7.656818
  111.504875    7.588094
  111.525841    7.508141
  111.673859    7.600405
  111.765701    7.633771
  111.826691    7.712424
  111.790398    7.837733
  111.779755    7.917884
  113.310265    8.087672
  113.392815    8.255770
  113.408989    8.340566
  113.328056    8.317234
  113.271065    8.178332
  113.199844    8.109908
  113.264565    8.048738
  114.530563   10.234622
  114.720810   10.301772
  114.732971   10.373068
  114.565048   10.392189
  114.452698   10.389613
  114.345337   10.381825
  114.276703   10.270982
  114.208488   10.170650
  114.340706   10.167639
  114.438133   10.201053
  116.584496    9.773932
  116.453278    9.827509
  116.389877    9.798456
  116.482162    9.695154
  116.517632    9.684246
  116.630959    9.681716
  116.638969    9.732183
  114.314224    7.802847
  114.294563    7.949018
  114.131004    7.766253
  113.925987    7.665139
  113.763657    7.618371
  113.983307    7.574134
  114.150101    7.595790
  114.170418    7.600382
  114.186058    7.615059
  114.304024    7.667736
  114.321640    7.732491
  115.865166   10.837394
  115.797699   10.828722
  115.796661   10.808455
  115.795128   10.676861
  115.842400   10.594983
  115.762711   10.541366
  115.667427   10.478160
  115.708092   10.472181
  115.784859   10.470381
  115.876793   10.563926
  115.934189   10.678774
  115.904526   10.801006
  113.222809    9.746422
  112.862877    9.692677
  112.768883    9.459728
  112.843750    9.458877
  113.144920    9.572133
  113.311287    9.686745
  114.689720    8.904722
  114.496262    8.849931
  114.612404    8.760135
  114.775528    8.786231
  114.881317    8.886345
  114.825760    9.033415
